,Feature1,Feature2,Feature3,Feature5,Feature6,Feature7,Feature8,Feature9,Feature10,Feature11,Feature13,Feature16,Feature17
40,39.0,0.6941473860035723,1.3395927602811055,0.0,821.0,1.8265309546875992,6.307828016784013,0.6331121720407087,5.070308905943876,2,1,9.836248240960128,14.762831603048133
55,0.0,0.162696272879154,1.8839879794014245,1.0,358.0,1.0357002327048956,7.842196068753104,0.6946028106828793,5.892869002176784,3,0,8.950566184081975,7.91170866774088
109,50.0,0.8226302461820598,0.5988146603341848,0.0,829.0,0.7007297030094254,4.824246132368627,1.0154272796607735,3.822268634236477,1,1,8.806016527106186,8.597832621281457
126,2.0,0.2899526427392588,0.2563207964036802,0.0,869.0,0.5630187848385725,2.868696309104916,1.987047046349048,9.053050265603227,4,1,9.542435785888973,14.353980290311153
165,94.0,-0.3584536810377021,0.0875163605262418,0.0,-480.408566687736,0.0554962895938397,7.260319887453005,1.9156794443046727,3.925824274413367,1,1,9.740631908364762,5.050107268248317
171,95.0,0.7030151526536931,0.5883493155039583,0.0,202.0,4.277222589195238,0.5386759373461788,-0.5892731787564576,6.842019041687417,1,1,8.111158369230743,5.480642361808638
181,67.0,0.6527031318753099,1.0122750222440993,0.0,367.0,0.2923451170247468,1.003373471874747,-0.7783960728044736,5.034948202241852,8,1,10.64120973142133,8.64890467325393
209,54.0,0.9333657948696236,-1.0321076453183864,0.0,203.0,1.213095948245312,3.85835952528481,-0.8582589064162047,6.103829135462936,2,0,8.35091253670514,10.656312672077016
232,10.0,0.3401068294084601,-0.1889473913300993,0.0,715.0,4.8628125010455125,2.203301227984859,-2.543057498496439,3.0054233874529346,3,0,8.996657569204732,5.90896678586464
282,62.0,0.2399083730744778,1.3960655178460957,0.0,72.0,0.9241945079808068,0.7708417010145507,0.9888596619504676,1.920690677103404,1,0,11.778355687467895,7.243035246738336
288,91.0,0.2069238137792022,1.123201023440791,0.0,22.0,0.0888919366980314,4.966619388066284,0.5725449759956499,7.121624220006649,9,1,10.06502844358888,5.2032640723452985
309,39.0,0.2686117398114297,1.5701462424485173,0.0,129.0,0.1795691725349077,2.040817537867483,-0.4696525583640239,4.901628172126601,3,1,7.77932637183743,11.00220616262471
333,58.0,0.9298806230841924,-1.3078338809400043,0.0,361.0,2.149877735725446,1.9548633245554268,-0.4456705168370892,6.190879971710897,3,0,13.193666796041668,13.849150228963085
343,51.0,0.72404238550876,0.3263106143868701,1.0,110.0,1.784348274277061,3.798955107510748,-0.65048393733088,5.004120031501827,11,0,9.793357215175996,6.2620755590798485
359,75.0,0.1540339572999068,-0.7493147071055183,1.0,518.0,0.1737366139060054,2.7803504197938924,-0.7285317112554185,7.995259358801975,2,2,11.60291611554641,7.579651180202181
362,25.0,0.0736466423965218,-0.9472998361827476,0.0,544.0,2.20046092140865,2.57015717035156,-0.9704656525869856,3.9807429712627975,10,0,11.184868085185403,8.867513132027046
365,14.0,0.7755848402188857,-0.8902855217180886,0.0,894.0,0.635180327961586,1.5002943990272766,-1.1940149083042004,5.025860236551855,4,0,10.6216722134121,13.041710860684969
366,86.0,0.8979722232406001,-0.364579022506684,0.0,604.0,0.5694899626097814,3.849838477422888,0.0333426884630303,6.046043923141203,1,0,7.641775669832091,6.605927020598335
370,68.0,0.8538356581046789,0.2527732924382428,1.0,399.0,1.124141146142928,1.8791854347320889,1.214154139462834,5.056007262653108,1,1,10.574811793534415,6.77703110628645
392,49.0,0.7657314014730423,-0.6112067970450382,0.0,128.0,0.0993691893994441,3.624539530965921,0.7240871723979416,4.180313446728899,11,0,10.992235246319677,14.798148194229553
400,53.0,0.8170867719110418,-0.5769003727220033,0.0,817.0,1.6411838294860546,3.055525500067655,0.5536808437747256,4.193301034719702,3,0,5.307397975629061,14.441298329097709
427,80.0,0.5108644317269814,1.970754607937096,1.0,916.0,0.3443763056793406,3.722252324335148,0.2077676559117578,9.92817632394383,1,0,10.051082451061156,9.45004831815638
466,81.0,0.2284936603173052,-1.0470156359741554,0.0,423.0,1.6128930389292262,0.9422637229119024,-2.4904685036931986,7.887167451530789,2,0,9.843908106434728,9.77688627414865
478,91.0,0.8968482739337822,0.5116689749122728,0.0,794.0,0.1655205563759544,2.594157104406389,-0.0365384983189931,4.840322405780436,14,0,8.108781117966625,8.953277661671006
514,26.0,0.7260067316343871,-0.4339762053727954,0.0,762.0,2.1304766573774567,0.9209937053589616,-2.3009656740436037,3.0650649901719818,3,0,13.083838102621224,10.827091842672882
517,73.0,-0.3270008663132282,-0.5570719838628706,0.0,-269.0615023254041,2.797742239580092,6.88023285224884,-0.3113186536373087,4.917280889115995,5,0,11.222147086773052,8.882433608615568
531,71.0,0.0675827736005186,-2.9385681680103457,0.0,545.0,1.3585022350567628,3.681449618128844,4.859382529499096,5.878887609499966,4,0,9.671995982352154,7.04832696769902
563,50.0,0.0141687260256212,1.2734112459760945,1.0,774.0,1.4524569585913714,4.83992806733094,0.766205440080875,5.056182884416016,2,0,10.427332019586231,5.111949977566822
570,35.0,1.05539630767947,-0.212376257420931,0.0,107.15115876017524,0.342800747594158,7.600393209284103,-1.2600993691984077,8.152514191113873,5,0,8.482972494171431,9.622082127015869
620,78.0,0.8112001833075243,-1.0764886849293986,0.0,110.0,0.2766031788508588,3.215947512434722,-1.644241878383455,3.072861835610452,5,1,9.937005233766008,12.150231315455446
637,65.0,0.2068146920329997,0.4326701639450323,0.0,621.0,0.922746686903152,11.113026822022734,0.3936384047171193,6.109634597226715,2,0,8.643076149770701,14.328182574946208
642,79.0,-0.329996434088572,0.9939181631016148,0.0,31.959871163640287,0.2711088350831209,1.502687127034639,-2.0446331080631106,6.990906420396803,8,0,10.982039833149209,12.347220997051084
667,21.0,0.4837152140506041,-0.727305874918196,0.0,901.965587445761,0.3052757348320721,10.395583027619312,-0.9725821773780808,6.926390523252394,4,1,8.290118270970321,9.58711365716119
674,5.0,0.7320157554918997,-0.4986616644420809,0.0,425.0,0.1388858192786134,1.9032626959166588,-0.5912223840272248,6.112822680947918,1,0,9.508388591804094,10.026127283245495
675,70.0,0.682723344423835,0.321116019218527,0.0,761.0,3.883577634841847,2.655456836034227,1.5823420171758598,3.91985229530371,3,0,9.00128097947097,6.770909790104906
708,36.0,0.9089152651396276,0.5242473843981591,0.0,593.0,0.2259674599472679,6.794648350193808,2.632086250882557,2.1144157228628666,4,0,8.616905520707784,9.032817032555782
725,32.0,1.214088812653049,-0.4503284270412319,0.0,-174.26697645020084,3.261089807161565,5.755535175606808,-1.21439270781497,9.084835949071216,8,0,9.094146548155882,10.45354818422652
762,9.0,0.9652063353087116,0.7692634937037142,0.0,859.0,2.225875993460277,6.893862251727966,1.4587081427493385,3.958586637823848,1,0,7.411389142918855,7.062555668757008
770,37.0,0.4741064416980268,0.1252851840701223,0.0,880.0,0.7791038148719146,3.241564098576119,0.7174883434039415,2.8686375417369985,9,0,13.935620278934334,8.502635549028412
781,94.0,0.8948696303308241,1.2437674955996012,0.0,646.8235007322212,1.2830343006256966,3.378291420160944,1.570603765446553,8.893685052005562,19,1,12.493658802391888,14.939244629136686
799,6.0,0.9025767242076363,-0.6587832352216706,0.0,395.0,0.6249740549176086,1.9051463380552087,-1.4238605788196823,7.032870002356535,1,0,9.420561193984415,10.190909279407094
845,13.0,1.1587227974779737,-0.3093276397981079,0.0,1447.6857976960628,0.322833603046231,1.2453736217484652,-0.7246610490609912,4.096534480523525,6,1,12.725816520266708,13.38809401440074
867,64.0,0.91388737112153,1.0550804855834546,0.0,886.0,0.8617885296208886,6.760561618083502,-2.3102157936818526,9.864056538273,6,0,11.434246665393404,14.433775991960369
898,48.0,0.7725930137478035,-0.4805671924075252,0.0,982.0,1.5839063820557748,4.432880884426297,-0.0799655620675037,4.110908190610348,3,2,9.208899555689072,11.566153816701188
920,87.0,0.3015665748910295,-1.7049247599634334,1.0,409.0,0.5137186366515941,5.20619836462271,-1.057004631703166,6.989676291991582,6,1,12.824525712132646,12.446367993948172
930,37.0,0.5872475696234853,-1.4130185958426873,0.0,189.0,1.85580173171914,3.4350104748467287,-0.4585732291274091,6.13518502932196,18,0,12.390503920039334,14.406019763823736
945,30.0,0.2950581022789341,0.7342331695698263,1.0,205.0,0.7001712589908368,4.225801376360249,-0.2393656296988654,3.090491009265235,7,0,10.64471364582464,10.841281792485349
984,41.0,0.9730025812782608,-0.4897811121594277,0.0,206.0,1.316077066917706,9.016871594325414,2.7430614897936523,3.2176045101190835,6,1,11.846330918949125,10.120802639488751
1020,9.0,-0.2171267817735304,0.3308658911459909,0.0,1122.4619932268838,1.2845514808602003,3.1407171601498645,-1.1819287582995008,2.942187563253259,10,1,13.707574766464088,5.2061743981856665
1037,20.0,0.1074300244508728,-0.3816615489389188,0.0,174.0,0.493368861884803,11.186228796534364,-0.7122493879948752,10.071313947010903,6,1,10.744222949896404,11.846252306993922
1047,98.0,0.2240265016701419,-0.6344604412122802,0.0,502.0,2.3313646419145218,3.825876395970682,0.80351008645891,2.053044902915864,2,0,13.12635969475223,12.005182837664664
1055,45.0,0.2857457426275517,-1.8917020441136396,1.0,-38.95136233178647,0.985022176836076,0.7125407988886026,2.32111038246201,1.947619463416816,2,0,9.846923762967055,7.062013613576451
1122,88.0,-0.4684338830481383,-0.3408751196746256,0.0,1256.807262399987,2.964528269009357,3.179672810848661,-4.139762549260671,2.981737512280544,2,1,9.449581965753126,14.025324385431814
1226,32.0,0.6460224663627429,0.9733771621120112,0.0,995.0,0.464245288276391,3.478943122126984,2.199173715138764,4.076802922099245,1,0,11.755002059145877,11.069610692881996
1230,41.0,0.0271593837466804,-0.598164000307916,0.0,336.0,1.889001210905567,0.7258692169119363,-1.3598944666542412,1.8436046697201016,4,0,8.042564944995473,11.087621270561865
1260,73.0,1.011122574014519,-0.0849115220936515,0.0,912.0006942362068,0.0160464083998391,6.801880555697219,0.2132755901806518,4.962369246046542,2,0,8.400189152999603,6.584867037526778
1293,32.0,-0.2461114513386709,-0.233048350573346,0.0,-208.93910206624415,2.092199639647707,3.772560239020467,-2.5009358461228883,7.103516265474987,7,2,9.574807561858938,13.628537685412628
1315,35.0,0.1038745084373897,-0.116043036890013,0.0,640.0,0.1046547822419155,3.405397098140377,0.8430344580532629,5.796110550079332,4,1,10.823499487112697,11.361625307058231
1346,56.0,0.7570263611529157,-0.2516375166352511,0.0,909.0,0.3889916148872302,8.341414913351873,1.1530985219402643,6.717186246421766,1,1,7.691461441539031,9.52709095279235
1353,58.0,0.2406190444722232,-1.3378463196567965,0.0,505.0,0.8663885110342517,6.457477486972024,-2.9145061373618946,5.041923230723083,1,1,8.386975930517389,13.891799349645988
1363,76.0,0.8162712413099044,-0.5164229521779573,0.0,268.0,0.1694733103363969,1.6009585526910646,0.5039808379344283,10.972399631645676,1,2,12.151293953407324,10.613162792150275
1405,99.0,0.3033650809271392,0.1173906004341747,0.0,94.0,0.5272860301115184,2.919639328220798,-1.322777186954627,5.979027086095927,3,0,8.5120023430642,14.621673183221692
1406,56.0,0.0030916223573048,-1.0374300385694817,0.0,384.0,0.0202415473374222,11.359313777614016,-1.1478829584473969,2.002047004616548,1,0,9.929824740900916,14.44773440401282
1451,98.0,0.2261433032839069,0.5068176886899449,0.0,156.0,0.2335172575383451,1.8819947293805177,0.7724537238867525,2.9463115365757395,2,0,10.449726136996857,6.295820153128542
1467,68.0,0.3881708912412729,-2.3228791485886653,0.0,273.0,0.5526324061324492,8.037706160195992,-1.1995737354179452,2.013186227874042,4,1,10.499581487035645,13.461543251865272
1487,43.0,0.479572583415117,-0.4888710217615825,0.0,458.0,0.386813263500609,3.202456619868814,-0.1663937994594311,5.058697937668551,6,0,7.928583924939794,10.304517567757014
1535,17.0,0.8762570176140283,-0.7508930570875549,0.0,921.9825653075798,0.8096872251766671,6.091425810041759,-0.5183489237189708,2.0104330327585638,2,2,8.969381735526627,13.248681166258589
1644,51.0,0.7929998827283793,-0.9915588510809412,0.0,663.0,1.2365092151550643,1.852710541605127,0.1800058863633367,3.921871375423408,5,2,8.371415047805455,9.589938197009218
1795,79.0,0.4625791351165631,-1.0866589891328542,0.0,152.0,0.8829908324851036,3.919992255698775,2.9949406196025365,8.794738554800748,12,2,9.179748479278196,8.03268437303629
1802,19.0,0.0206599474004871,-0.4837006071694403,0.0,422.40171865920513,0.8147320080441735,2.7159427332357606,1.3640823609548325,6.1242971994582005,3,0,11.196695319234598,11.21704494423424
1811,1.0,0.3158923807488735,1.428359085246299,0.0,122.0,0.3288150294939624,3.606826599748023,-1.7519798869194594,5.040313792013172,9,1,12.69375831634562,10.552455736376697
1857,19.0,0.3237441968027681,-0.3233014757563328,0.0,423.0,1.4871781177154166,1.5582066453853447,-0.7725312142026419,4.988451956254409,5,1,10.630789346449228,14.781928561089533
1929,91.0,0.3659526779085535,-1.5670319734445903,0.0,801.0,2.6653190522882557,1.4411018116815095,-1.674669192766921,6.104274271998318,5,0,11.670492279366655,11.939550864721229
1975,90.0,0.6272759844034836,-0.8591711752098105,0.0,1151.888485135731,0.5823978755159407,5.351637697469879,-1.9021560473135373,4.99477236914501,13,0,12.57417194765562,9.548741550434691
2048,96.0,0.8287068361668807,-0.0063797662848546,1.0,684.0,0.7690038620847237,11.89687454950382,-3.000929977537913,3.0995568557076383,2,0,10.14519417612881,6.502986391690039
2055,97.0,0.2305981243123442,-0.4242255022490792,0.0,155.0,0.8851026744032496,2.96987818021391,0.2176069302290861,5.896572508504585,14,1,10.533926760549384,11.676941004362831
2073,83.0,0.4269641377594806,2.070870340010073,0.0,54.0,0.8656642925375452,4.195800670921853,3.0643173836264848,2.916260309620236,12,1,10.371076268855214,8.862359347082378
2116,5.0,-0.4184082706863221,-0.984790527494812,0.0,840.1975504935124,0.6047189916620039,4.92692590569366,-2.9272251422798514,0.8820121867032722,18,0,12.16064912338215,5.980041929958047
2166,28.0,0.449908866504722,-0.6469763553919328,0.0,748.0,0.3266648686050963,5.957143506131128,-0.2314977855792179,6.9171306881728265,7,0,16.103418465451647,6.005265889978022
2187,5.0,0.6021330352491088,-0.9111152201032766,0.0,794.0,4.080579831801129,2.6027316857649128,0.9733662549022198,6.133726476142158,1,0,8.919603217292295,7.167563691846132
2202,17.0,0.2209827621616573,0.6828568389384944,0.0,66.0,1.3492435773963625,1.3707494296323592,-1.6241479276614976,3.120449961400245,2,1,8.205953069492903,6.698648587628238
2208,63.0,0.6517421357815775,0.3361628977224987,0.0,411.0,0.141987657170464,4.865893389495756,0.5474638998250109,5.917101512475383,28,0,9.522443994597536,11.115506255836388
2213,1.0,0.8662843751715051,-0.0373646415345011,0.0,722.0,4.424447707453444,1.9268583355726576,3.3369022275585616,7.942385803523723,6,1,6.295559927434438,10.034217206783918
2226,51.0,0.0910924410579001,-2.20927199785069,0.0,595.0,4.736987706136498,3.21067702754384,1.9550984627082075,5.815554541029139,1,0,6.385837457096287,7.205222265735516
2237,69.0,0.7638369853214616,0.9404106301694244,0.0,50.0,1.490754510786365,3.135090725030762,-0.6795532697219333,3.027375812785489,9,0,8.723703969421932,9.919365747750309
2288,74.0,0.7896355083650458,1.3620467948676944,0.0,560.0,0.0644035778084982,5.122395348988015,0.264683272122596,6.140948226675843,4,2,7.132264532267032,14.81649936606903
2292,40.0,0.2813810601644185,-0.3473164655571698,0.0,794.0,1.6803764349665018,1.5262928416779762,1.5798006040330528,4.958813606969928,1,1,10.364384736865658,12.976602122273937
2296,75.0,0.3918996009771162,-0.7384660801028984,0.0,465.0,0.6236168358481379,1.5676800668889603,0.2334652177855296,5.9804345531919125,2,0,8.495305566683323,12.690119605033065
2325,62.0,0.5452979558936734,-2.497064724253793,0.0,580.0,7.734182450136751,2.59968674166352,0.3079167335757953,2.114603084425117,1,1,8.48989636052211,8.08899042457151
2330,55.0,0.8678299181160875,0.800087694015753,0.0,56.0,0.7287085548802772,4.906211162757081,0.6925053227945179,7.009386765541961,1,1,8.083375281997203,10.25132702865956
2364,60.0,0.8885721985785155,-0.5100350955954752,0.0,138.0,0.3978056902183031,4.219534537198008,-0.1638344822301457,5.065010603210265,6,0,9.28270323196629,11.828507244484516
2389,13.0,0.1111859701548175,1.0309931540228856,0.0,193.0,0.6444712766094806,1.8644121672599765,-0.9222668474726068,7.971886918611626,3,1,8.07775517781917,12.573979715346049
2400,7.0,0.3082421902415183,-1.2207365333883555,0.0,888.0,0.7413987995094178,7.943435007670629,-1.377277321233801,4.1362253196063605,3,0,10.007878212353411,11.970380275070571
2421,56.0,0.364331736855544,-0.1738522264270831,0.0,163.0,1.2126980015569244,3.88502892975426,1.0850006599221818,2.989363268579804,6,0,10.678616199057048,13.28718911206266
2439,80.0,0.7241395795588808,-0.9663590105349184,0.0,333.0,1.7616701941167936,1.414970830726125,1.0317586770722436,8.814529399127883,3,0,12.945715168309349,9.762691097521678
2449,84.0,0.5448551860659394,0.0240452547878287,0.0,684.0,0.4430335243196214,5.892597340580386,0.6249894237875563,9.84281211573532,3,0,8.84433604310281,8.57209305375663
2476,94.0,0.1306636662988244,-0.3228517317085625,1.0,233.0,0.1992868035933029,0.3493139343181998,-1.880510496291482,6.047124284314451,2,0,10.38815397123691,10.91248317561964
2502,97.0,0.6040113053504008,-0.8944764142031962,0.0,936.0,0.2581065959638397,1.2157668747137582,-0.1661285651165917,3.996354714787961,1,0,10.16882108446284,11.603742350065058
2534,0.0,0.5632596238671024,0.7534716212804379,0.0,74.0,2.356553234826331,0.6751895890289351,0.4443027838311485,4.795678872868089,1,1,6.772443620729779,5.695737421474138
2590,94.0,0.4282840776508504,1.271085832657937,0.0,259.0,1.1609317432521284,2.060390727326619,-0.9352515065595556,5.9475115885718814,2,0,8.791507973719158,8.648056400783082
2651,73.0,0.3914090394654437,-0.3613117806502262,0.0,955.0,0.1111893901040148,5.947575872508688,0.8605018185242354,2.9504922179117044,2,1,10.248173221872802,10.34580263492196
2671,85.0,0.6480166448981557,0.2205653182191891,0.0,911.0,0.1245433934239183,4.164549363991275,0.0393054679673058,3.133131397078508,1,1,11.509472345514835,12.972834443799336
2678,26.0,0.9267844095256106,0.0199244907230807,0.0,423.0,0.0642519329720058,8.57902535250984,4.091547835380875,4.042101538255519,2,0,8.426535776679707,9.57893229713982
2733,29.0,1.0583604890089182,1.209829917980653,0.0,1360.1366139873344,0.1107105059502119,8.798186574070257,0.0314406699363851,2.02357035514388,2,0,8.459327322776481,13.897048094982884
2742,24.0,-0.062625376354289,1.1680198166493454,0.0,-395.0943177058966,0.7893495461606421,2.570018762427254,0.567773888269508,6.84322552277917,1,2,12.316372372718524,5.98010566431186
2774,58.0,0.6489964304476494,0.6556473736373412,0.0,892.0,1.372876543405945,1.335808083236388,0.5213323231920762,3.0888690376114183,4,0,9.084280559969011,5.96060631268267
2775,75.0,0.2110095577589122,0.7836407747236006,0.0,870.0,0.3832456729528455,2.4052144531417614,-3.2515644111849915,3.1186967621428434,7,0,9.662401231814671,10.184266686142864
2810,13.0,0.1415300879143242,0.1866057430703399,0.0,414.0,0.823805789379599,0.7886037703133112,-0.7103071606596778,1.9058365112462143,3,2,9.450153561894863,9.880829293972171
2854,95.0,0.3738512797400876,-0.1531266685635034,0.0,408.0,1.531201868237511,3.1251751393261937,-0.365204245849602,3.3052943772879075,3,2,9.417884141987852,7.9434542874730525
2857,34.0,0.6403641132703151,-0.5925140784482216,0.0,510.0,1.0166995214251968,4.582468578192543,2.10342367092576,5.213376592214948,1,1,6.597739595184264,5.281429771367002
2884,91.0,0.2809349920580779,2.347792756876178,0.0,195.0,0.1949480123350218,9.680452195092778,0.0508137078320567,6.841238609829846,7,2,9.26238540158444,13.612997627435105
2893,25.0,0.3782325539344867,0.0120046525299826,0.0,250.0,0.6031604990328925,1.776879500612275,0.2509563797495676,5.120666882113619,5,0,10.16531653607907,14.98438607703584
2923,97.0,0.4642510196381042,0.5568337492996334,0.0,422.1246825381419,1.9818277706698997,0.4172138564344356,-0.8366287625002222,6.873710514239646,4,0,9.933793540134744,14.345140477512926
2967,31.0,0.4176651974215306,-1.6080613351519382,0.0,754.0,0.1986364729304165,1.5875495295280957,-1.5481044583746355,3.849378316026818,4,0,10.12707297145864,12.997736758137346
2974,13.0,0.0328360381659837,0.5462086263288057,0.0,780.0,1.090723842470389,6.415312016666845,-1.9706768596101036,10.094337570644203,1,0,11.363215304924353,7.966107416254433
2983,27.0,0.8344984892888082,0.2245867718865547,0.0,799.0,0.2919890388688952,3.285000683613144,-1.5084935760290985,2.920418152958625,14,0,10.494841770136802,12.121031324735467
2995,72.0,0.4711410804506069,0.8554746214224251,0.0,888.0,0.9826698649863634,8.308275186585398,-0.1514536785713737,4.741761003967997,8,0,10.05249052311909,14.529057178173712
3020,66.0,0.617271196990983,-0.1106644097964733,0.0,224.0,0.6197054462667944,4.876971089347903,0.1613812472794795,3.882522967052272,5,0,14.37867142075638,9.970297690816352
3028,42.0,0.1771372896007361,0.995087824803616,0.0,24.0,1.3219776773482597,5.184197276670632,5.437061966142643,5.927714699858682,1,2,7.072749336746483,5.154315127773747
3039,46.0,0.5547957815458572,-0.8091133646120131,0.0,376.0,0.1377513361764229,6.163619403106167,-1.7003430990306674,2.97350430039633,8,0,10.473779044980548,12.903321285951176
3045,30.0,0.051643497389892,0.6815041405769928,0.0,712.0,0.6822569258283208,3.825993798169433,-0.4610001664181313,9.140150751262093,4,0,10.48345398224551,7.65039096599009
3080,77.0,0.2960357783170514,0.8770603511003352,0.0,870.0,0.9308746423449364,4.243539358139408,0.9286159090799604,8.952775384259718,1,0,10.363256679758992,5.830855154993252
3125,35.0,0.8873024554005872,-0.7480516202509883,1.0,936.0,0.7087054119817097,6.277342878654335,-0.7659496644067535,3.996441065569195,10,1,6.528706161675202,9.26138202980336
3141,39.0,0.1088377405674365,0.3923774050048165,0.0,549.0,0.2015851823424768,2.773937093620962,-0.0819128714992493,2.930026213792907,3,1,11.239728032355549,6.964014323537188
3165,94.0,-0.4577056349285999,-1.2304793073063345,0.0,348.47536108868246,1.8031617217213889,4.049062111653478,-0.8018127001709637,6.159309833103284,1,0,9.346535898408796,9.218102215615628
3201,83.0,0.4159239209310477,-1.1731878650640888,0.0,71.0,0.2693456733260838,4.295797876641251,-0.6331066240278926,5.1392724150588815,3,1,10.529307269461578,9.7966122345907
3217,43.0,0.4367525281270797,0.5401445986133441,0.0,978.0,0.3206024777895007,0.9755514264917832,1.0677737832033405,4.20014464517821,2,0,10.69829939101882,5.846962188845227
3259,89.0,0.6861850548138468,1.2513989654346984,0.0,733.0,1.7929934823072875,3.1720959498961294,-0.4009658981225922,2.807276026935551,1,2,9.293669515896426,12.008974670153773
3295,17.0,0.7532302773680012,-0.2279687991127375,0.0,873.0,0.4682793295487406,10.045024279568564,2.304291929051266,3.093545197984476,7,1,14.297160996708172,12.04949191134493
3310,62.0,0.3497843933212315,-1.7058168334613757,0.0,264.0,1.2972958106093004,4.876006261654066,0.4823854153109318,3.961918655083831,2,2,10.037633650122348,11.073305154031614
3327,51.0,0.1021050838875717,-0.6251174864866598,0.0,756.0,0.5578789505477862,2.9857744986861183,0.931906253279356,4.106355291178829,1,0,8.365873874672259,5.847816548958739
3333,56.0,0.863414605847161,-0.1256715041790463,0.0,839.0,0.0625396912344491,5.136501750284856,0.2772994075051938,3.05020748867876,1,2,13.264031489253664,11.907103821590814
3353,51.0,0.7057708089449273,1.9263001542025957,0.0,482.0,1.7138379313237504,4.415529516113233,0.1553619800674431,5.932224011910977,1,2,7.815904172444155,7.482995246668089
3367,28.0,0.4797500705620481,0.8891620444439606,0.0,407.0,0.6497746510728961,1.5356302731287317,0.7757798927383501,6.189932944069561,2,0,13.330818731441752,11.069148550377223
3374,17.0,0.8753046516581943,0.4603185294647849,1.0,83.0,1.9028400916618675,10.630086912452231,2.871046529110736,9.01756215466483,2,0,12.627646986810204,6.655465953899648
3398,63.0,0.9724194167267858,2.2892193807285013,0.0,801.0,0.1096360501266647,3.042344653191066,0.8027409432849347,3.8440919251900993,2,0,11.0142157579024,5.37239259477388
3413,3.0,0.2632901971778155,-0.9761614074878576,0.0,500.0,2.787044938426732,12.760828629749232,0.0171839533136978,1.149826625428873,7,0,9.311304323199284,5.509060734485609
3421,2.0,0.8110459769912495,0.3169168508532358,1.0,-55.73626687107424,0.6949123654891404,1.8977347660707269,0.6630231205752892,2.172001837602028,8,1,9.19798361571802,13.903931954864396
3459,23.0,0.4314807594505634,1.240641983799782,0.0,88.0,0.7229421980098455,1.4702140526479897,0.637105986096488,7.757075969028575,4,2,9.224669690425182,8.826979298103668
3546,88.0,0.5467668983082886,-0.1073781369113477,0.0,914.0,0.6278254650875427,7.780792576907375,1.1571960343887238,1.1137836661725928,7,2,10.40445822651825,12.324727828457377
3554,93.0,0.6082034556107391,1.2461400314790736,1.0,818.0,0.7057873768135657,4.727514883964456,0.4538827418917305,3.835351672077935,4,0,10.28219175424179,8.313596831180158
3557,90.0,0.1108377620585665,-1.463218088920852,1.0,1.0,4.549527675632095,12.859745634052954,0.6161937203926239,4.089187283542295,7,0,10.017269571818836,7.9639409869538
3578,73.0,0.0521648119179749,-0.3397435048434257,0.0,541.0,0.2113097181196562,5.60385895846214,1.9129607376328304,4.818395591003628,2,0,9.757645961254289,14.239714643344035
3584,6.0,0.0889585504734609,-0.1391616307056117,1.0,975.0,0.9504484070175612,5.097231800453668,-0.4776480934114037,2.9634611774025745,15,1,7.58917897825814,5.467466187492757
3599,41.0,0.3278030379057129,0.0704082232300273,0.0,1196.135595124428,0.5541216750749006,0.3480922358811388,0.2888172399287351,6.047061968551165,12,0,11.843479544741005,9.515491175721753
3600,22.0,-0.0813861721844179,-0.6367221041669328,0.0,160.70344028067848,0.5753794066211189,5.05465815868006,-1.7273549857576544,4.000246010441385,3,0,10.476643042588814,14.69981107218739
3603,4.0,0.8425818461395493,0.0038674844150466,0.0,972.0,1.7675532420403124,3.067549205448945,0.2666961280100002,5.234895442545243,15,1,8.828057732802607,5.504867199742353
3607,14.0,0.0273288323361839,-1.552772111288392,0.0,-180.22469661225037,0.0882529378482825,6.220043906518242,-0.17926268110259,4.144648259278876,1,1,9.683849538018723,5.399669703727616
3620,35.0,0.8810344773292823,0.3446285194314062,0.0,404.0,1.187144390883282,4.981507039000687,1.853542210516252,1.0249689138734246,2,1,11.24920132190325,11.099304813915245
3635,27.0,0.5707828931814446,-0.668066014282472,0.0,220.0,0.3617629072181285,0.5963499857075946,-1.0540391379192375,7.0543923531023385,3,0,11.199257507498276,11.781958373845356
3645,65.0,0.1137615313535721,1.2129687224292536,0.0,821.0,0.5234582858928705,6.258108212270456,1.3510597924190249,1.851254904541219,8,2,15.407833771824372,5.995014790562331
3654,60.0,0.814965430322796,1.5392822212651271,1.0,233.0,0.0449248544423997,7.055092194197276,-1.4787172297663584,4.0691181672828245,6,2,6.800807472214027,5.5845450816901945
3655,63.0,0.1307086543479355,0.1377419388094883,0.0,446.0177101570911,0.0958103075105109,0.4204696701686111,-0.5014033327131696,5.021469668842087,26,0,9.396792731542318,13.412842323985666
3675,5.0,0.4114073184771916,-1.140687474984115,0.0,495.0,4.381055640482983,1.420903152128564,2.629414794449048,7.779563366876055,2,0,9.425332072541778,11.899180788031272
3706,17.0,0.116594762064152,1.4616946335310144,0.0,995.0,0.9722906430905176,6.900798358975927,-2.1276236612858197,4.9980811538858125,2,0,8.384293613024068,13.767843613166937
3713,13.0,0.1113849956217494,-0.249239478305299,0.0,232.0,1.1306276237666286,1.9340374957858428,0.8518430854487278,2.9848323610505565,3,0,11.601060147282114,5.413216302595375
3722,34.0,0.7264126256930203,0.4908714568589509,0.0,876.0,0.661829931379618,5.309560786983538,2.1282442454219974,7.981326444605793,1,1,7.631877648018452,12.396902932252834
3745,66.0,1.192944461774926,-0.0711722583960055,0.0,-538.0502110118509,0.860529173228718,5.155899708024611,-2.2479799351134564,6.052380047769385,9,0,8.574675853698077,6.528528036041825
3767,65.0,0.7289192715279492,-0.2957564052304222,0.0,265.0,1.6260904950168082,4.613092621321942,2.8057286467929923,8.053417371781933,3,0,5.27646175461727,10.784788494439765
3796,47.0,0.9818866326061898,-1.3627431250852426,0.0,804.0,0.5364978658099029,1.5894351106293496,-1.2491935520891708,6.012648709316784,2,1,11.597737538084107,9.91017405375958
3823,53.0,0.8980858194061846,1.17679811656356,0.0,780.0,3.9891853231921774,2.523006336605637,0.0660820448310502,8.996298816711793,6,2,10.020092645569196,7.116034614914922
3880,98.0,0.1555582336388759,0.2488627128055583,0.0,995.0,0.9107789818617824,1.533340906332588,-1.0776407013964842,7.024481484154136,8,1,11.547642677916963,5.411016225611178
3933,33.0,0.4960784396623338,-0.1978725432484042,0.0,497.0,1.2097224082401272,0.6583378075260632,1.2894682894814655,5.007251322600023,1,0,7.842416708518018,7.073907649236734
3965,52.0,-0.2793303655901039,-0.896020496558503,0.0,-142.74229378179962,0.905820829233305,3.166637290810993,-2.225484522801898,4.956299167382957,1,0,7.086329527736906,8.228553641778445
4001,19.0,0.1800467758019153,-1.1361113642172953,0.0,383.0,0.6807775617987102,0.6055455767435797,-0.3571177787303944,6.064468657569232,4,1,9.03434684923047,13.34431530124636
4049,65.0,0.0418249352312649,-0.4134116570262172,0.0,856.0,0.0937510996104376,1.4784111068526982,-0.2756164200521676,4.082557090134598,5,0,8.230336037702962,9.371608608374189
4075,50.0,0.2226543076035405,-1.030446835659651,0.0,223.0,1.183855787416961,1.91703306686744,2.937078311136037,5.015172946238706,7,0,8.79325867704177,6.883973818743293
4079,36.0,0.9965047754240036,-0.3075319729291708,0.0,-393.1539910741778,0.5440011836071225,4.605952752152764,-0.7846672894845109,4.16192919868806,10,0,9.322669263121712,9.283409475561369
4085,79.0,0.3930219136628715,-0.6484899698067467,0.0,331.0,1.7113441875404785,1.815333748641076,0.0676176697291267,4.115112896351064,1,0,8.703193259591739,7.693969360144257
4102,2.0,0.3666612927774034,1.2196121554032957,0.0,799.0,2.4105916234148475,4.216480451357953,-0.5655979244063242,3.009726507521276,4,0,10.1218262359483,8.139502864321484
4129,34.0,0.6130279260572884,0.9464911690010152,0.0,17.0,1.3557556659583132,6.016761792224351,-2.3281025746547197,9.011254565659035,1,0,10.20655938596307,14.0051684918661
4181,11.0,0.753225839560692,0.6892529014375495,1.0,213.0,1.3463355823496463,1.2278112639783716,-0.5905751175050136,4.031419997200279,2,1,12.077682020902202,11.0784264397387
4183,67.0,-0.2755135608568336,-0.4688428805961045,1.0,-22.468217742939373,0.5210338396469446,7.312201575621756,-0.1966426151813592,8.992542713985856,1,2,10.137527264396814,7.240383145094896
4236,7.0,0.3209604089934442,-0.0266244433131355,0.0,254.7220315533691,1.4026817509203815,4.391636529781987,0.8080060185632161,8.150180861272641,3,1,7.649591380244951,9.703410582483436
4290,9.0,0.5378571450071283,1.0876296493204956,0.0,671.0,1.6761844386118852,2.7626406100766854,-0.1530350682130571,4.978549395523992,14,0,10.667172905995558,8.979264805227347
4301,43.0,0.9562524777130744,-0.2178870087466243,0.0,166.0,0.241013386126865,7.823159824640801,-1.848962599818442,6.13635695686385,28,0,9.400247401083991,9.646160714916167
4302,62.0,0.0645810741433541,0.1685799587179788,0.0,543.0,0.4371667004785717,4.312166542640437,1.1504497625486585,7.948126069707437,2,1,9.377735234040417,11.401669208214225
4356,70.0,1.4574771506814213,0.3672289606753205,1.0,184.5597416770676,0.7671503233369477,3.104296395556228,1.1322682452306303,7.8411786820785405,1,1,10.53027182438274,12.442211715403351
4362,85.0,0.2575024368477135,0.5752764807001327,1.0,865.0,0.0859289098708446,0.6068011220759039,-2.418833186267175,4.073909030029832,9,1,9.04982637411929,8.631833991382141
4383,80.0,0.8990017289944716,-0.2466749978322067,0.0,660.0,2.7197280148925023,2.3355928298844315,-0.4612356140775132,5.060504483579585,3,0,11.569166990413466,10.974695268116132
4386,67.0,0.7436098533340006,-1.3892063583795298,0.0,576.0,0.5971187581432096,4.389568999592128,0.9369261215326096,2.005214472976113,1,0,11.969812076801997,10.08425325356443
4437,59.0,0.4245464439114456,-0.0858858422115091,1.0,589.0,0.2790341722602123,4.113454996770967,1.321078703487432,4.974725308009655,1,0,11.221003438136744,5.329305135148534
4450,33.0,0.9998384746731884,0.6157287820553861,0.0,418.0,0.7623210327969884,4.155139078339886,-0.6422588086369161,5.96743086209068,4,1,11.195803974516204,9.8322527329383
4475,86.0,0.2563543221664571,0.2902696695387793,0.0,422.0,1.084907208996484,0.3904239259547347,1.3361721547184515,6.079731996793862,9,0,11.049739459466153,9.150766656521812
4572,67.0,0.4673196546400858,0.1446845373878531,0.0,608.0,0.2650161697121716,9.313008421238376,-1.321270986647494,4.145717232429836,5,1,9.314669415294926,8.49964461061307
4612,0.0,0.5313910089386549,2.0204324543544048,0.0,411.0,0.7586647612584227,2.07849083365667,2.4997490024007383,3.9810268988349264,2,1,9.100428063991153,11.26887761143996
4620,79.0,0.4724362828443307,-0.3000362177908892,0.0,869.0,0.3936067800438208,3.387906700960716,-2.7397051998556967,3.115493904318436,3,0,10.350839484166023,10.287934082540223
4635,25.0,0.5437779427333548,0.4321714788163695,0.0,630.0,2.139919851456474,5.473777694792026,-0.917309176890134,3.2208022953915205,1,1,10.023029929126396,9.453545686600153
4685,66.0,0.938688811433282,0.3570180455036473,0.0,412.0,3.534909573661545,4.257747093355817,-7.828210672308923,4.946024704696664,1,1,10.063917411241004,10.40403452730585
4778,35.0,0.3367534732392395,1.2748097657691966,1.0,855.0,1.5890493302555246,2.4601257132634715,0.3414441545537677,4.034924606821755,4,0,10.988411490457551,12.19488032970753
4784,48.0,0.088109128369325,-0.4425933441058343,0.0,15.0,0.0288024717402026,1.801516608572674,1.5554300043295457,3.044977272203922,1,0,12.065016202765026,7.913312163432053
4792,36.0,0.658713586578608,-1.4276373263386903,0.0,-31.9581149523828,0.2945869589695538,4.5992081962255975,-1.058457716445841,6.036495165432464,9,0,11.086021801922174,6.837423844709302
4793,32.0,0.176207948313036,-0.6314876086191687,0.0,593.0,0.7404387805922822,4.190624634223201,1.7446194260865318,4.949396658242598,2,0,8.741807577522753,8.383889807798589
4800,0.0,0.8499887609226413,0.3027289680150114,1.0,171.0,0.1136410662638112,2.5199757209213898,1.457208149011805,4.091373544065305,2,1,9.098511148166702,13.142023060382384
4803,9.0,0.7312350392664778,-0.6099232905269615,1.0,910.0,0.3333602700694132,0.856185481426302,0.7340938877777221,3.0649372094973675,6,0,13.037709102107112,6.039944629672842
4814,41.0,0.458115034005172,0.9584376324870736,0.0,113.0,5.252797922848564,1.6469023596847252,-0.0782888312825955,3.888032374971276,3,0,9.95226441099964,9.996766508332527
4818,63.0,0.9833070581557244,-0.370924893179538,0.0,518.0,0.1835450810695075,3.754933069599719,2.6169223189022173,3.309626803215237,5,0,11.804139469532016,10.320396349572032
4822,60.0,0.623038920017661,-0.2520993772744466,0.0,570.0,2.7431778033513345,8.219940623098676,0.0973031594484439,3.13169598825863,9,0,8.009965172411066,10.110167645228785
4828,45.0,0.7884171658407527,0.2123210275508186,0.0,121.0,0.4913431470297683,2.6383581578689115,0.929455387466816,6.073269477472473,4,1,7.5373333942052,8.19263595472744
4845,50.0,0.9073079664469372,1.8984001768202723,0.0,770.0983989404233,0.9422638391065978,4.094735069024391,0.2288936061569536,5.992745017457082,2,2,11.168725820658338,8.49755910028194
4927,26.0,0.9848317434020836,-1.3553977705526747,0.0,332.0,0.6150713694734358,4.330912369090584,-2.001565350281379,10.00037747279038,4,1,8.215699721777426,5.639977039150189
4955,14.0,0.8519954746775918,0.7203071835713095,0.0,905.0,2.809805597873068,1.6907662465546036,0.2471665958188352,8.049374080602174,2,0,11.301813733845776,7.611743771874665
4957,29.0,0.7906106743452507,-1.1566294042014271,0.0,83.0,2.282175641854086,1.4597826500827036,1.0568729582533494,4.93589645641473,8,1,8.249298413996492,6.90858378207034
4962,56.0,0.2719114490429177,-0.5177860151562774,0.0,51.0,0.0228582948244348,2.4420921092321755,1.2403285518771037,10.03992089718349,10,1,11.508433466905188,7.176284369644147
4998,91.0,0.6409855830985451,-1.199846838789355,0.0,51.0,0.3122557001666921,2.773962639766627,-3.320703797603851,6.138321566367547,2,0,4.574748376521916,8.705126985443094
